*------------------------------------------------------------*
User:                student
Date:                December 09, 2019
Time:                16:47:53
*------------------------------------------------------------*
* Training Output
*------------------------------------------------------------*
 
 
 
 
Variable Summary
 
          Measurement    Frequency
 Role        Level         Count
 
INPUT      INTERVAL          1
INPUT      NOMINAL           3
TARGET     INTERVAL          1
 
 
 
 
Predicted and decision variables
 
Type             Variable                  Label
 
TARGET       Cases_in_1000s
PREDICTED    P_Cases_in_1000s    Predicted: Cases_in_1000s
RESIDUAL     R_Cases_in_1000s    Residual: Cases_in_1000s
 
 
 
 
 
The DMREG Procedure
 
               Model Information
 
Training Data Set             WORK.EM_DMREG.VIEW
DMDB Catalog                  WORK.REG_DMDB
Target Variable               Cases_in_1000s
Target Measurement Level      Interval
Error                         Normal
Link Function                 Identity
Number of Model Parameters    13
Number of Observations        743
 
 
      Frequency Distribution of Input Class Variables
 
Class         Value                                   Total
 
Age_group     0-17                                      126
              18-24                                     123
              25-44                                     122
              45-64                                     117
              65-84                                     130
              85+                                       125
 
Disease       Asthma                                    150
              Cancer, all                               160
              Dementia and Alzheimer's disease          147
              Osteoarthritis                            148
              Septicemia                                138
 
Gender        All                                       254
              Female                                    243
              Male                                      246
 
 
                      Descriptive Statistics for Continuous Variables
 
                                                 Standard
Variable                            Mean        Deviation          Minimum          Maximum
 
Population_in_thousands            31496            23448       852.000000            84973
 
 
 
 
Stepwise Selection Procedure
 
 
Step 0: Intercept entered.
 
 
                             Analysis of Variance
 
                                   Sum of
Source                 DF         Squares     Mean Square    F Value    Pr > F
 
Model                   0               0               .        .       .
Error                 742        10360061           13962
Corrected Total       742        10360061
 
 
              Model Fit Statistics
 
R-Square        0.0000     Adj R-Sq        0.0000
AIC          7092.2801     BIC          7092.6032
SBC          7096.8908     C(p)          885.8542
 
 
 
 
                                  Analysis of Maximum Likelihood Estimates
 
                                                                              Standard
Parameter                                                   DF    Estimate       Error    t Value    Pr > |t|
 
Intercept                                                    1     71.1669      4.3350      16.42      <.0001
 
 
Estimated Correlation Matrix
 
Parameter      Intercept
 
Intercept        1.00000
 
 
Step 1: Effect Age_group entered.
 
 
                             Analysis of Variance
 
                                   Sum of
Source                 DF         Squares     Mean Square    F Value    Pr > F
 
Model                   5         3394301          678860      71.83    <.0001
Error                 737         6965760     9451.506020
Corrected Total       742        10360061
 
 
              Model Fit Statistics
 
R-Square        0.3276     Adj R-Sq        0.3231
AIC          6807.3452     BIC          6805.2905
SBC          6835.0093     C(p)          362.8426
 
 
                    Type 3 Analysis of Effects
 
                                       Sum of
Effect                       DF       Squares    F Value    Pr > F
 
Age_group                     5    3394301.37      71.83    <.0001
 
 
                                  Analysis of Maximum Likelihood Estimates
 
                                                                              Standard
Parameter                                                   DF    Estimate       Error    t Value    Pr > |t|
 
Intercept                                                    1     70.6342      3.5685      19.79      <.0001
Age_group               0-17                                 1    -38.9596      7.9210      -4.92      <.0001
Age_group               18-24                                1    -65.9431      7.9976      -8.25      <.0001
Age_group               25-44                                1    -35.4621      8.0238      -4.42      <.0001
Age_group               45-64                                1     53.1778      8.1602       6.52      <.0001
Age_group               65-84                                1       124.4      7.8232      15.90      <.0001
 
 
                                        Estimated Correlation Matrix
 
                                        Age_            Age_            Age_            Age_            Age_
Parameter           Intercept      group0N17      group18N24      group25N44      group45N64      group65N84
 
Intercept             1.00000       -0.00821         0.00256         0.00621         0.02506        -0.02209
Age_group0N17        -0.00821        1.00000        -0.19850        -0.19951        -0.20471        -0.19180
Age_group18N24        0.00256       -0.19850         1.00000        -0.20235        -0.20742        -0.19483
Age_group25N44        0.00621       -0.19951        -0.20235         1.00000        -0.20835        -0.19587
Age_group45N64        0.02506       -0.20471        -0.20742        -0.20835         1.00000        -0.20124
Age_group65N84       -0.02209       -0.19180        -0.19483        -0.19587        -0.20124         1.00000
 
 
Step 2: Effect Disease entered.
 
 
                             Analysis of Variance
 
                                   Sum of
Source                 DF         Squares     Mean Square    F Value    Pr > F
 
Model                   9         5194424          577158      81.90    <.0001
Error                 733         5165638     7047.254765
Corrected Total       742        10360061
 
 
              Model Fit Statistics
 
R-Square        0.5014     Adj R-Sq        0.4953
AIC          6593.2044     BIC          6593.5096
SBC          6639.3114     C(p)           88.1670
 
 
                    Type 3 Analysis of Effects
 
                                       Sum of
Effect                       DF       Squares    F Value    Pr > F
 
Age_group                     5    3090638.28      87.71    <.0001
Disease                       4    1800122.19      63.86    <.0001
 
 
                                  Analysis of Maximum Likelihood Estimates
 
                                                                              Standard
Parameter                                                   DF    Estimate       Error    t Value    Pr > |t|
 
Intercept                                                    1     68.7861      3.0848      22.30      <.0001
Age_group               0-17                                 1    -41.5086      6.8488      -6.06      <.0001
Age_group               18-24                                1    -64.1003      6.9183      -9.27      <.0001
Age_group               25-44                                1    -31.0407      6.9423      -4.47      <.0001
Age_group               45-64                                1     49.4494      7.0524       7.01      <.0001
Age_group               65-84                                1       119.5      6.7724      17.65      <.0001
Disease                 Asthma                               1    -13.5472      6.1489      -2.20      0.0279
Disease                 Cancer, all                          1     90.0031      6.0101      14.98      <.0001
Disease                 Dementia and Alzheimer's disease     1    -50.7467      6.2030      -8.18      <.0001
Disease                 Osteoarthritis                       1      2.6216      6.1813       0.42      0.6716
 
 
                                                                                  Estimated Correlation Matrix
 
                                                                                                                                                  Disease             Disease
                                                         Age_            Age_            Age_            Age_            Age_       Disease      CANCER__       DEMENTIA_AND_             Disease
Parameter                            Intercept      group0N17      group18N24      group25N44      group45N64      group65N84        ASTHMA           ALL         ALZHEIMER_S      OSTEOARTHRITIS
 
Intercept                              1.00000       -0.00659         0.00266         0.00599         0.02568        -0.02160      -0.00592      -0.03737             0.00383             0.00055
Age_group0N17                         -0.00659        1.00000        -0.19726        -0.19789        -0.20442        -0.19237       0.01190      -0.01682            -0.00117            -0.03572
Age_group18N24                         0.00266       -0.19726         1.00000        -0.19964        -0.20856        -0.19583      -0.04665       0.03003             0.01228            -0.02280
Age_group25N44                         0.00599       -0.19789        -0.19964         1.00000        -0.21017        -0.19938      -0.01234       0.03732            -0.04434            -0.01545
Age_group45N64                         0.02568       -0.20442        -0.20856        -0.21017         1.00000        -0.19791       0.01481      -0.03456             0.02024             0.01209
Age_group65N84                        -0.02160       -0.19237        -0.19583        -0.19938        -0.19791         1.00000       0.00208      -0.04248             0.05065             0.02547
DiseaseASTHMA                         -0.00592        0.01190        -0.04665        -0.01234         0.01481         0.00208       1.00000      -0.23695            -0.24915            -0.24588
DiseaseCANCER__ALL                    -0.03737       -0.01682         0.03003         0.03732        -0.03456        -0.04248      -0.23695       1.00000            -0.24272            -0.23858
DiseaseDEMENTIA_AND_ALZHEIMER_S        0.00383       -0.00117         0.01228        -0.04434         0.02024         0.05065      -0.24915      -0.24272             1.00000            -0.25000
DiseaseOSTEOARTHRITIS                  0.00055       -0.03572        -0.02280        -0.01545         0.01209         0.02547      -0.24588      -0.23858            -0.25000             1.00000
 
 
Step 3: Effect Gender entered.
 
 
                             Analysis of Variance
 
                                   Sum of
Source                 DF         Squares     Mean Square    F Value    Pr > F
 
Model                  11         5711101          519191      81.64    <.0001
Error                 731         4648961     6359.727256
Corrected Total       742        10360061
 
 
              Model Fit Statistics
 
R-Square        0.5513     Adj R-Sq        0.5445
AIC          6518.9034     BIC          6521.3291
SBC          6574.2318     C(p)           11.0325
 
 
                    Type 3 Analysis of Effects
 
                                       Sum of
Effect                       DF       Squares    F Value    Pr > F
 
Age_group                     5    3159976.45      99.37    <.0001
Disease                       4    1720172.00      67.62    <.0001
Gender                        2    516677.118      40.62    <.0001
 
 
                                  Analysis of Maximum Likelihood Estimates
 
                                                                              Standard
Parameter                                                   DF    Estimate       Error    t Value    Pr > |t|
 
Intercept                                                    1     68.4345      2.9309      23.35      <.0001
Age_group               0-17                                 1    -43.8057      6.5114      -6.73      <.0001
Age_group               18-24                                1    -64.2614      6.5729      -9.78      <.0001
Age_group               25-44                                1    -31.6108      6.5954      -4.79      <.0001
Age_group               45-64                                1     51.3319      6.7053       7.66      <.0001
Age_group               65-84                                1       120.3      6.4342      18.70      <.0001
Disease                 Asthma                               1    -14.3934      5.8424      -2.46      0.0140
Disease                 Cancer, all                          1     88.0561      5.7135      15.41      <.0001
Disease                 Dementia and Alzheimer's disease     1    -50.1962      5.8950      -8.52      <.0001
Disease                 Osteoarthritis                       1      2.5388      5.8721       0.43      0.6656
Gender                  All                                  1     36.1777      4.1210       8.78      <.0001
Gender                  Female                               1    -10.7484      4.1614      -2.58      0.0100
 
 
                                                                                                Estimated Correlation Matrix
 
                                                                                                                                                  Disease             Disease
                                                         Age_            Age_            Age_            Age_            Age_       Disease      CANCER__       DEMENTIA_AND_             Disease        Gender        Gender
Parameter                            Intercept      group0N17      group18N24      group25N44      group45N64      group65N84        ASTHMA           ALL         ALZHEIMER_S      OSTEOARTHRITIS           ALL        FEMALE
 
Intercept                              1.00000       -0.00617         0.00254         0.00618         0.02552        -0.02171      -0.00582      -0.03679             0.00343             0.00059      -0.01528       0.01361
Age_group0N17                         -0.00617        1.00000        -0.19682        -0.19741        -0.20558        -0.19276       0.01264      -0.01535            -0.00130            -0.03565      -0.03576       0.00122
Age_group18N24                         0.00254       -0.19682         1.00000        -0.19966        -0.20885        -0.19591      -0.04642       0.03005             0.01263            -0.02283       0.00068      -0.01329
Age_group25N44                         0.00618       -0.19741        -0.19966         1.00000        -0.21010        -0.19944      -0.01225       0.03768            -0.04458            -0.01542      -0.01074       0.00867
Age_group45N64                         0.02552       -0.20558        -0.20885        -0.21010         1.00000        -0.19716       0.01397      -0.03558             0.01983             0.01209       0.02417       0.01715
Age_group65N84                        -0.02171       -0.19276        -0.19591        -0.19944        -0.19716         1.00000       0.00180      -0.04291             0.05061             0.02546       0.01134       0.00177
DiseaseASTHMA                         -0.00582        0.01264        -0.04642        -0.01225         0.01397         0.00180       1.00000      -0.23617            -0.24887            -0.24583      -0.01300      -0.00660
DiseaseCANCER__ALL                    -0.03679       -0.01535         0.03005         0.03768        -0.03558        -0.04291      -0.23617       1.00000            -0.24294            -0.23833      -0.03772       0.01463
DiseaseDEMENTIA_AND_ALZHEIMER_S        0.00343       -0.00130         0.01263        -0.04458         0.01983         0.05061      -0.24887      -0.24294             1.00000            -0.24998       0.01597      -0.02780
DiseaseOSTEOARTHRITIS                  0.00059       -0.03565        -0.02283        -0.01542         0.01209         0.02546      -0.24583      -0.23833            -0.24998             1.00000      -0.00207       0.00274
GenderALL                             -0.01528       -0.03576         0.00068        -0.01074         0.02417         0.01134      -0.01300      -0.03772             0.01597            -0.00207       1.00000      -0.49625
GenderFEMALE                           0.01361        0.00122        -0.01329         0.00867         0.01715         0.00177      -0.00660       0.01463            -0.02780             0.00274      -0.49625       1.00000
 
 
NOTE: No (additional) effects met the 0.05 significance level for entry into the model.
 
 
                Summary of Stepwise Selection
 
             Effect              Number
    Step    Entered        DF        In    F Value    Pr > F
 
       1    Age_group       5         1      71.83    <.0001
       2    Disease         4         2      63.86    <.0001
       3    Gender          2         3      40.62    <.0001
 
 
The selected model is the model trained in the last step (Step 3). It consists of the following effects:
 
Intercept  Age_group  Disease  Gender
 
 
                             Analysis of Variance
 
                                   Sum of
Source                 DF         Squares     Mean Square    F Value    Pr > F
 
Model                  11         5711101          519191      81.64    <.0001
Error                 731         4648961     6359.727256
Corrected Total       742        10360061
 
 
              Model Fit Statistics
 
R-Square        0.5513     Adj R-Sq        0.5445
AIC          6518.9034     BIC          6521.3291
SBC          6574.2318     C(p)           11.0325
 
 
                    Type 3 Analysis of Effects
 
                                       Sum of
Effect                       DF       Squares    F Value    Pr > F
 
Age_group                     5    3159976.45      99.37    <.0001
Disease                       4    1720172.00      67.62    <.0001
Gender                        2    516677.118      40.62    <.0001
 
 
                                  Analysis of Maximum Likelihood Estimates
 
                                                                              Standard
Parameter                                                   DF    Estimate       Error    t Value    Pr > |t|
 
Intercept                                                    1     68.4345      2.9309      23.35      <.0001
Age_group               0-17                                 1    -43.8057      6.5114      -6.73      <.0001
Age_group               18-24                                1    -64.2614      6.5729      -9.78      <.0001
Age_group               25-44                                1    -31.6108      6.5954      -4.79      <.0001
Age_group               45-64                                1     51.3319      6.7053       7.66      <.0001
Age_group               65-84                                1       120.3      6.4342      18.70      <.0001
Disease                 Asthma                               1    -14.3934      5.8424      -2.46      0.0140
Disease                 Cancer, all                          1     88.0561      5.7135      15.41      <.0001
Disease                 Dementia and Alzheimer's disease     1    -50.1962      5.8950      -8.52      <.0001
Disease                 Osteoarthritis                       1      2.5388      5.8721       0.43      0.6656
Gender                  All                                  1     36.1777      4.1210       8.78      <.0001
Gender                  Female                               1    -10.7484      4.1614      -2.58      0.0100
 
 
                                                                                                Estimated Correlation Matrix
 
                                                                                                                                                  Disease             Disease
                                                         Age_            Age_            Age_            Age_            Age_       Disease      CANCER__       DEMENTIA_AND_             Disease        Gender        Gender
Parameter                            Intercept      group0N17      group18N24      group25N44      group45N64      group65N84        ASTHMA           ALL         ALZHEIMER_S      OSTEOARTHRITIS           ALL        FEMALE
 
Intercept                              1.00000       -0.00617         0.00254         0.00618         0.02552        -0.02171      -0.00582      -0.03679             0.00343             0.00059      -0.01528       0.01361
Age_group0N17                         -0.00617        1.00000        -0.19682        -0.19741        -0.20558        -0.19276       0.01264      -0.01535            -0.00130            -0.03565      -0.03576       0.00122
Age_group18N24                         0.00254       -0.19682         1.00000        -0.19966        -0.20885        -0.19591      -0.04642       0.03005             0.01263            -0.02283       0.00068      -0.01329
Age_group25N44                         0.00618       -0.19741        -0.19966         1.00000        -0.21010        -0.19944      -0.01225       0.03768            -0.04458            -0.01542      -0.01074       0.00867
Age_group45N64                         0.02552       -0.20558        -0.20885        -0.21010         1.00000        -0.19716       0.01397      -0.03558             0.01983             0.01209       0.02417       0.01715
Age_group65N84                        -0.02171       -0.19276        -0.19591        -0.19944        -0.19716         1.00000       0.00180      -0.04291             0.05061             0.02546       0.01134       0.00177
DiseaseASTHMA                         -0.00582        0.01264        -0.04642        -0.01225         0.01397         0.00180       1.00000      -0.23617            -0.24887            -0.24583      -0.01300      -0.00660
DiseaseCANCER__ALL                    -0.03679       -0.01535         0.03005         0.03768        -0.03558        -0.04291      -0.23617       1.00000            -0.24294            -0.23833      -0.03772       0.01463
DiseaseDEMENTIA_AND_ALZHEIMER_S        0.00343       -0.00130         0.01263        -0.04458         0.01983         0.05061      -0.24887      -0.24294             1.00000            -0.24998       0.01597      -0.02780
DiseaseOSTEOARTHRITIS                  0.00059       -0.03565        -0.02283        -0.01542         0.01209         0.02546      -0.24583      -0.23833            -0.24998             1.00000      -0.00207       0.00274
GenderALL                             -0.01528       -0.03576         0.00068        -0.01074         0.02417         0.01134      -0.01300      -0.03772             0.01597            -0.00207       1.00000      -0.49625
GenderFEMALE                           0.01361        0.00122        -0.01329         0.00867         0.01715         0.00177      -0.00660       0.01463            -0.02780             0.00274      -0.49625       1.00000


*------------------------------------------------------------*
* Score Output
*------------------------------------------------------------*


*------------------------------------------------------------*
* Report Output
*------------------------------------------------------------*
 
 
 
 
Fit Statistics
 
Target=Cases_in_1000s Target Label=' '
 
   Fit
Statistics    Statistics Label                       Train    Validation          Test
 
 _AIC_        Akaike's Information Criterion       6518.90           .             .
 _ASE_        Average Squared Error                6257.01       5879.26       5080.47
 _AVERR_      Average Error Function               6257.01       5879.26       5080.47
 _DFE_        Degrees of Freedom for Error          731.00           .             .
 _DFM_        Model Degrees of Freedom               12.00           .             .
 _DFT_        Total Degrees of Freedom              743.00           .             .
 _DIV_        Divisor for ASE                       743.00        558.00        556.00
 _ERR_        Error Function                    4648960.62    3280625.77    2824743.54
 _FPE_        Final Prediction Error               6462.44           .             .
 _MAX_        Maximum Absolute Error                456.04        488.04        347.52
 _MSE_        Mean Square Error                    6359.73       5879.26       5080.47
 _NOBS_       Sum of Frequencies                    743.00        558.00        556.00
 _NW_         Number of Estimate Weights             12.00           .             .
 _RASE_       Root Average Sum of Squares            79.10         76.68         71.28
 _RFPE_       Root Final Prediction Error            80.39           .             .
 _RMSE_       Root Mean Squared Error                79.75         76.68         71.28
 _SBC_        Schwarz's Bayesian Criterion         6574.23           .             .
 _SSE_        Sum of Squared Errors             4648960.62    3280625.77    2824743.54
 _SUMW_       Sum of Case Weights Times Freq        743.00        558.00        556.00
 
 
 
 
Assessment Score Rankings
 
Data Role=TRAIN Target Variable=Cases_in_1000s Target Label=' '
 
           Number of        Mean       Mean
Depth    Observations     Target    Predicted
 
   5          33         413.667      276.780
  10          44         283.955      215.617
  15          31         160.194      176.246
  20          37         109.676      161.104
  25          41          63.488      147.413
  30          35          59.543      129.932
  35          40          45.425      107.435
  40          34          49.676       92.021
  45          40          27.425       75.153
  50          36          19.194       62.025
  55          36          72.694       48.022
  60          45          14.067       32.064
  65          29          15.517       20.709
  70          42          19.667       12.813
  75          35          17.143        3.162
  80          36          16.722       -4.231
  85          42          34.119      -15.407
  90          34          11.147      -23.482
  95          46           4.000      -36.927
 100          27           0.111      -57.395
 
 
Data Role=VALIDATE Target Variable=Cases_in_1000s Target Label=' '
 
           Number of        Mean       Mean
Depth    Observations     Target    Predicted
 
   5          26         435.577      263.193
  10          27         175.407      198.265
  15          33         128.788      168.549
  20          25         102.600      152.177
  25          31          58.548      132.667
  30          31          75.677      113.082
  35          23          17.522      102.621
  40          28          52.714       91.561
  45          29          21.966       77.892
  50          24          29.625       63.510
  55          32          59.156       47.513
  60          26          10.269       34.297
  65          29           7.897       19.828
  70          27          15.926       12.806
  75          30          23.833        2.248
  80          27           5.815       -4.928
  85          31          25.516      -14.945
  90          28          12.429      -24.195
  95          26           2.692      -36.333
 100          25           0.240      -54.504
 
 
 
 
Assessment Score Distribution
 
Data Role=TRAIN Target Variable=Cases_in_1000s Target Label=' '
 
    Range for            Mean       Mean        Number of        Model
    Predicted          Target    Predicted    Observations       Score
 
293.738 -  312.958    627.364      312.958         11          303.348
255.297 -  274.517    300.909      266.032         11          264.907
236.076 -  255.297    381.400      248.043         20          245.686
216.856 -  236.076    401.778      227.441          9          226.466
197.635 -  216.856    136.333      205.090         15          207.245
178.414 -  197.635    230.444      187.887         27          188.025
159.194 -  178.414     91.533      164.665         45          168.804
139.973 -  159.194     81.896      149.028         48          149.584
120.753 -  139.973     55.645      131.971         31          130.363
101.532 -  120.753     49.632      109.400         38          111.143
82.312 -  101.532      49.475       93.135         40           91.922
63.091 -  82.312       19.458       71.878         59           72.702
43.871 -  63.091       61.453       51.454         53           53.481
24.650 -  43.871       14.067       32.064         45           34.261
5.430 -  24.650        15.950       15.427         80           15.040
-13.791 -  5.430       18.403       -2.952         67           -4.181
-33.011 -  -13.791     23.130      -20.524         77          -23.401
-52.232 -  -33.011      3.667      -40.034         51          -42.622
-71.452 -  -52.232      0.000      -63.194         16          -61.842
 
 
Data Role=VALIDATE Target Variable=Cases_in_1000s Target Label=' '
 
    Range for            Mean       Mean        Number of        Model
    Predicted          Target    Predicted    Observations       Score
 
293.738 -  312.958    636.000      312.958          7          303.348
255.297 -  274.517    323.200      266.032          5          264.907
236.076 -  255.297    367.714      247.151          7          245.686
216.856 -  236.076    383.286      227.441          7          226.466
197.635 -  216.856    134.333      205.090         15          207.245
178.414 -  197.635    237.211      186.337         19          188.025
159.194 -  178.414     94.769      165.327         26          168.804
139.973 -  159.194    102.633      150.406         30          149.584
120.753 -  139.973     50.038      130.959         26          130.363
101.532 -  120.753     53.978      110.461         45          111.143
82.312 -  101.532      48.541       93.480         37           91.922
63.091 -  82.312       22.186       74.325         43           72.702
43.871 -  63.091       54.452       50.180         42           53.481
24.650 -  43.871       11.500       32.734         32           34.261
5.430 -  24.650         9.964       14.798         56           15.040
-13.791 -  5.430       15.650       -3.973         60           -4.181
-33.011 -  -13.791     19.179      -21.913         56          -23.401
-52.232 -  -33.011      1.947      -43.183         38          -42.622
-71.452 -  -52.232      0.000      -67.258          7          -61.842
