*------------------------------------------------------------*
User:                student
Date:                December 09, 2019
Time:                17:13:34
*------------------------------------------------------------*
* Training Output
*------------------------------------------------------------*
 
 
 
 
Variable Summary
 
          Measurement    Frequency
 Role        Level         Count
 
INPUT      INTERVAL          1
INPUT      NOMINAL           3
TARGET     INTERVAL          1
 
 
 
 
Predicted and decision variables
 
Type             Variable                  Label
 
TARGET       Cases_in_1000s
PREDICTED    P_Cases_in_1000s    Predicted: Cases_in_1000s
RESIDUAL     R_Cases_in_1000s    Residual: Cases_in_1000s
 
 
 
 
 
The DMREG Procedure
 
               Model Information
 
Training Data Set             WORK.EM_DMREG.VIEW
DMDB Catalog                  WORK.REG_DMDB
Target Variable               Cases_in_1000s
Target Measurement Level      Interval
Error                         Normal
Link Function                 Identity
Number of Model Parameters    12
Number of Observations        865
 
 
      Frequency Distribution of Input Class Variables
 
Class         Value                                   Total
 
Age_group     0-17                                      132
              18-24                                     132
              25-44                                     153
              45-64                                     152
              65-84                                     145
              85+                                       151
 
Disease       Asthma                                    167
              Cancer, all                               171
              Dementia and Alzheimer's disease          181
              Osteoarthritis                            172
              Septicemia                                174
 
Gender        Female                                    434
              Male                                      431
 
 
                      Descriptive Statistics for Continuous Variables
 
                                                 Standard
Variable                            Mean        Deviation          Minimum          Maximum
 
Population_in_thousands            23675            14568       852.000000            42536
 
 
 
 
Stepwise Selection Procedure
 
 
Step 0: Intercept entered.
 
 
                             Analysis of Variance
 
                                   Sum of
Source                 DF         Squares     Mean Square    F Value    Pr > F
 
Model                   0               0               .        .       .
Error                 864         4977759     5761.295338
Corrected Total       864         4977759
 
 
              Model Fit Statistics
 
R-Square        0.0000     Adj R-Sq        0.0000
AIC          7490.9632     BIC          7491.1998
SBC          7495.7259     C(p)         1120.0568
 
 
 
 
                                  Analysis of Maximum Likelihood Estimates
 
                                                                              Standard
Parameter                                                   DF    Estimate       Error    t Value    Pr > |t|
 
Intercept                                                    1     49.9179      2.5808      19.34      <.0001
 
 
Estimated Correlation Matrix
 
Parameter      Intercept
 
Intercept        1.00000
 
 
Step 1: Effect Age_group entered.
 
 
                             Analysis of Variance
 
                                   Sum of
Source                 DF         Squares     Mean Square    F Value    Pr > F
 
Model                   5         1617163          323433      82.67    <.0001
Error                 859         3360596     3912.219440
Corrected Total       864         4977759
 
 
              Model Fit Statistics
 
R-Square        0.3249     Adj R-Sq        0.3209
AIC          7161.1381     BIC          7158.6408
SBC          7189.7145     C(p)          485.8060
 
 
                    Type 3 Analysis of Effects
 
                                       Sum of
Effect                       DF       Squares    F Value    Pr > F
 
Age_group                     5    1617162.67      82.67    <.0001
 
 
                                  Analysis of Maximum Likelihood Estimates
 
                                                                              Standard
Parameter                                                   DF    Estimate       Error    t Value    Pr > |t|
 
Intercept                                                    1     48.9015      2.1309      22.95      <.0001
Age_group               0-17                                 1    -23.9924      4.9295      -4.87      <.0001
Age_group               18-24                                1    -46.0530      4.9295      -9.34      <.0001
Age_group               25-44                                1    -22.9145      4.6463      -4.93      <.0001
Age_group               45-64                                1     42.8551      4.6583       9.20      <.0001
Age_group               65-84                                1     74.7744      4.7464      15.75      <.0001
 
 
                                        Estimated Correlation Matrix
 
                                        Age_            Age_            Age_            Age_            Age_
Parameter           Intercept      group0N17      group18N24      group25N44      group45N64      group65N84
 
Intercept             1.00000        0.03796         0.03796        -0.02821        -0.02531        -0.00436
Age_group0N17         0.03796        1.00000        -0.21969        -0.20348        -0.20417        -0.20924
Age_group18N24        0.03796       -0.21969         1.00000        -0.20348        -0.20417        -0.20924
Age_group25N44       -0.02821       -0.20348        -0.20348         1.00000        -0.18529        -0.19125
Age_group45N64       -0.02531       -0.20417        -0.20417        -0.18529         1.00000        -0.19202
Age_group65N84       -0.00436       -0.20924        -0.20924        -0.19125        -0.19202         1.00000
 
 
Step 2: Effect Disease entered.
 
 
                             Analysis of Variance
 
                                   Sum of
Source                 DF         Squares     Mean Square    F Value    Pr > F
 
Model                   9         2739766          304418     116.30    <.0001
Error                 855         2237993     2617.535949
Corrected Total       864         4977759
 
 
              Model Fit Statistics
 
R-Square        0.5504     Adj R-Sq        0.5457
AIC          6817.4820     BIC          6818.8839
SBC          6865.1092     C(p)           46.5794
 
 
                    Type 3 Analysis of Effects
 
                                       Sum of
Effect                       DF       Squares    F Value    Pr > F
 
Age_group                     5    1599787.17     122.24    <.0001
Disease                       4    1122603.26     107.22    <.0001
 
 
                                  Analysis of Maximum Likelihood Estimates
 
                                                                              Standard
Parameter                                                   DF    Estimate       Error    t Value    Pr > |t|
 
Intercept                                                    1     49.4521      1.7436      28.36      <.0001
Age_group               0-17                                 1    -23.0769      4.0354      -5.72      <.0001
Age_group               18-24                                1    -45.1308      4.0401     -11.17      <.0001
Age_group               25-44                                1    -23.7070      3.8056      -6.23      <.0001
Age_group               45-64                                1     41.2484      3.8145      10.81      <.0001
Age_group               65-84                                1     75.4212      3.8853      19.41      <.0001
Disease                 Asthma                               1     -9.0308      3.5339      -2.56      0.0108
Disease                 Cancer, all                          1     65.6175      3.4975      18.76      <.0001
Disease                 Dementia and Alzheimer's disease     1    -42.2107      3.4227     -12.33      <.0001
Disease                 Osteoarthritis                       1      2.5858      3.4933       0.74      0.4594
 
 
                                                                                  Estimated Correlation Matrix
 
                                                                                                                                                  Disease             Disease
                                                         Age_            Age_            Age_            Age_            Age_       Disease      CANCER__       DEMENTIA_AND_             Disease
Parameter                            Intercept      group0N17      group18N24      group25N44      group45N64      group65N84        ASTHMA           ALL         ALZHEIMER_S      OSTEOARTHRITIS
 
Intercept                              1.00000        0.03735         0.03817        -0.02841        -0.02503        -0.00447       0.01481       0.00777            -0.02286            -0.00005
Age_group0N17                          0.03735        1.00000        -0.21862        -0.20370        -0.20496        -0.20861      -0.02795       0.02485             0.02119            -0.01292
Age_group18N24                         0.03817       -0.21862         1.00000        -0.20525        -0.20501        -0.20764      -0.01170       0.01632            -0.01891            -0.03793
Age_group25N44                        -0.02841       -0.20370        -0.20525         1.00000        -0.18467        -0.19041      -0.00991      -0.02181             0.00023             0.04949
Age_group45N64                        -0.02503       -0.20496        -0.20501        -0.18467         1.00000        -0.19324       0.04208      -0.02363             0.00575            -0.00482
Age_group65N84                        -0.00447       -0.20861        -0.20764        -0.19041        -0.19324         1.00000      -0.03047       0.00428            -0.01233             0.01545
DiseaseASTHMA                          0.01481       -0.02795        -0.01170        -0.00991         0.04208        -0.03047       1.00000      -0.25789            -0.24759            -0.25573
DiseaseCANCER__ALL                     0.00777        0.02485         0.01632        -0.02181        -0.02363         0.00428      -0.25789       1.00000            -0.24439            -0.25335
DiseaseDEMENTIA_AND_ALZHEIMER_S       -0.02286        0.02119        -0.01891         0.00023         0.00575        -0.01233      -0.24759      -0.24439             1.00000            -0.24303
DiseaseOSTEOARTHRITIS                 -0.00005       -0.01292        -0.03793         0.04949        -0.00482         0.01545      -0.25573      -0.25335            -0.24303             1.00000
 
 
Step 3: Effect Population_in_thousands entered.
 
 
                             Analysis of Variance
 
                                   Sum of
Source                 DF         Squares     Mean Square    F Value    Pr > F
 
Model                  10         2826553          282655     112.21    <.0001
Error                 854         2151206     2518.976358
Corrected Total       864         4977759
 
 
              Model Fit Statistics
 
R-Square        0.5678     Adj R-Sq        0.5628
AIC          6785.2703     BIC          6787.4754
SBC          6837.6603     C(p)           14.0048
 
 
                    Type 3 Analysis of Effects
 
                                       Sum of
Effect                       DF       Squares    F Value    Pr > F
 
Age_group                     5    1684706.11     133.76    <.0001
Disease                       4    1117686.87     110.93    <.0001
Population_in_thousands       1    86787.4271      34.45    <.0001
 
 
                                  Analysis of Maximum Likelihood Estimates
 
                                                                              Standard
Parameter                                                   DF    Estimate       Error    t Value    Pr > |t|
 
Intercept                                                    1    -35.2250     14.5272      -2.42      0.0155
Age_group               0-17                                 1    -72.5901      9.3181      -7.79      <.0001
Age_group               18-24                                1     -9.4392      7.2582      -1.30      0.1938
Age_group               25-44                                1    -87.5366     11.4974      -7.61      <.0001
Age_group               45-64                                1     12.6482      6.1436       2.06      0.0398
Age_group               65-84                                1       104.5      6.2485      16.72      <.0001
Disease                 Asthma                               1    -10.2680      3.4731      -2.96      0.0032
Disease                 Cancer, all                          1     65.8825      3.4313      19.20      <.0001
Disease                 Dementia and Alzheimer's disease     1    -41.5075      3.3598     -12.35      <.0001
Disease                 Osteoarthritis                       1      2.2017      3.4276       0.64      0.5208
Population_in_thousands                                      1     0.00358    0.000610       5.87      <.0001
 
 
                                                                                           Estimated Correlation Matrix
 
                                                                                                                                                  Disease             Disease
                                                         Age_            Age_            Age_            Age_            Age_       Disease      CANCER__       DEMENTIA_AND_             Disease       Population_
Parameter                            Intercept      group0N17      group18N24      group25N44      group45N64      group65N84        ASTHMA           ALL         ALZHEIMER_S      OSTEOARTHRITIS      in_thousands
 
Intercept                              1.00000        0.90084        -0.82948         0.93815         0.78579        -0.78723       0.06201      -0.01215            -0.03810             0.01895          -0.99304
Age_group0N17                          0.90084        1.00000        -0.80911         0.82812         0.66493        -0.77141       0.04309      -0.00135            -0.02328             0.01179          -0.90527
Age_group18N24                        -0.82948       -0.80911         1.00000        -0.82876        -0.73261         0.59470      -0.05722       0.01993             0.01955            -0.03670           0.83776
Age_group25N44                         0.93815        0.82812        -0.82876         1.00000         0.71360        -0.78720       0.05419      -0.01952            -0.03365             0.03412          -0.94582
Age_group45N64                         0.78579        0.66493        -0.73261         0.71360         1.00000        -0.70027       0.07372      -0.02483            -0.02478             0.01220          -0.79310
Age_group65N84                        -0.78723       -0.77141         0.59470        -0.78720        -0.70027         1.00000      -0.06664       0.01304             0.02074            -0.00571           0.79242
DiseaseASTHMA                          0.06201        0.04309        -0.05722         0.05419         0.07372        -0.06664       1.00000      -0.25819            -0.24914            -0.25406          -0.06069
DiseaseCANCER__ALL                    -0.01215       -0.00135         0.01993        -0.01952        -0.02483         0.01304      -0.25819       1.00000            -0.24374            -0.25353           0.01316
DiseaseDEMENTIA_AND_ALZHEIMER_S       -0.03810       -0.02328         0.01955        -0.03365        -0.02478         0.02074      -0.24914      -0.24374             1.00000            -0.24351           0.03566
DiseaseOSTEOARTHRITIS                  0.01895        0.01179        -0.03670         0.03412         0.01220        -0.00571      -0.25406      -0.25353            -0.24351             1.00000          -0.01909
Population_in_thousands               -0.99304       -0.90527         0.83776        -0.94582        -0.79310         0.79242      -0.06069       0.01316             0.03566            -0.01909           1.00000
 
 
Step 4: Effect Gender entered.
 
 
                             Analysis of Variance
 
                                   Sum of
Source                 DF         Squares     Mean Square    F Value    Pr > F
 
Model                  11         2836606          257873     102.73    <.0001
Error                 853         2141153     2510.144507
Corrected Total       864         4977759
 
 
              Model Fit Statistics
 
R-Square        0.5699     Adj R-Sq        0.5643
AIC          6783.2187     BIC          6785.5559
SBC          6840.3714     C(p)           12.0000
 
 
                    Type 3 Analysis of Effects
 
                                       Sum of
Effect                       DF       Squares    F Value    Pr > F
 
Age_group                     5    1666590.82     132.79    <.0001
Disease                       4    1115656.31     111.11    <.0001
Gender                        1    10052.5453       4.00    0.0457
Population_in_thousands       1    73582.2640      29.31    <.0001
 
 
                                  Analysis of Maximum Likelihood Estimates
 
                                                                              Standard
Parameter                                                   DF    Estimate       Error    t Value    Pr > |t|
 
Intercept                                                    1    -29.8685     14.7466      -2.03      0.0431
Age_group               0-17                                 1    -69.3397      9.4425      -7.34      <.0001
Age_group               18-24                                1    -11.7516      7.3370      -1.60      0.1096
Age_group               25-44                                1    -83.4534     11.6572      -7.16      <.0001
Age_group               45-64                                1     14.2942      6.1878       2.31      0.0211
Age_group               65-84                                1       102.6      6.3064      16.27      <.0001
Disease                 Asthma                               1    -10.1199      3.4678      -2.92      0.0036
Disease                 Cancer, all                          1     65.7797      3.4256      19.20      <.0001
Disease                 Dementia and Alzheimer's disease     1    -41.5190      3.3539     -12.38      <.0001
Disease                 Osteoarthritis                       1      2.2800      3.4218       0.67      0.5054
Gender                  Female                               1      3.4695      1.7337       2.00      0.0457
Population_in_thousands                                      1     0.00335    0.000619       5.41      <.0001
 
 
                                                                                                  Estimated Correlation Matrix
 
                                                                                                                                                  Disease             Disease
                                                         Age_            Age_            Age_            Age_            Age_       Disease      CANCER__       DEMENTIA_AND_             Disease        Gender       Population_
Parameter                            Intercept      group0N17      group18N24      group25N44      group45N64      group65N84        ASTHMA           ALL         ALZHEIMER_S      OSTEOARTHRITIS        FEMALE      in_thousands
 
Intercept                              1.00000        0.90389        -0.83411         0.94010         0.79001        -0.79245       0.06484      -0.01467            -0.03778             0.02071       0.18151          -0.99327
Age_group0N17                          0.90389        1.00000        -0.81420         0.83329         0.67207        -0.77696       0.04611      -0.00391            -0.02323             0.01359       0.17201          -0.90819
Age_group18N24                        -0.83411       -0.81420         1.00000        -0.83335        -0.73798         0.60407      -0.05985       0.02204             0.01958            -0.03804      -0.15749           0.84215
Age_group25N44                         0.94010        0.83329        -0.83335         1.00000         0.71962        -0.79237       0.05708      -0.02184            -0.03343             0.03560       0.17503          -0.94752
Age_group45N64                         0.79001        0.67207        -0.73798         0.71962         1.00000        -0.70606       0.07588      -0.02660            -0.02479             0.01361       0.13292          -0.79711
Age_group65N84                        -0.79245       -0.77696         0.60407        -0.79237        -0.70606         1.00000      -0.06905       0.01510             0.02076            -0.00733      -0.14730           0.79750
DiseaseASTHMA                          0.06484        0.04611        -0.05985         0.05708         0.07588        -0.06905       1.00000      -0.25842            -0.24912            -0.25374       0.02134          -0.06356
DiseaseCANCER__ALL                    -0.01467       -0.00391         0.02204        -0.02184        -0.02660         0.01510      -0.25842       1.00000            -0.24369            -0.25366      -0.01499           0.01568
DiseaseDEMENTIA_AND_ALZHEIMER_S       -0.03778       -0.02323         0.01958        -0.03343        -0.02479         0.02076      -0.24912      -0.24369             1.00000            -0.24351      -0.00172           0.03537
DiseaseOSTEOARTHRITIS                  0.02071        0.01359        -0.03804         0.03560         0.01361        -0.00733      -0.25374      -0.25366            -0.24351             1.00000       0.01144          -0.02086
GenderFEMALE                           0.18151        0.17201        -0.15749         0.17503         0.13292        -0.14730       0.02134      -0.01499            -0.00172             0.01144       1.00000          -0.18309
Population_in_thousands               -0.99327       -0.90819         0.84215        -0.94752        -0.79711         0.79750      -0.06356       0.01568             0.03537            -0.02086      -0.18309           1.00000
 
 
NOTE: All effects have been entered into the model.
 
 
                       Summary of Stepwise Selection
 
                    Effect                     Number
    Step    Entered                      DF        In    F Value    Pr > F
 
       1    Age_group                     5         1      82.67    <.0001
       2    Disease                       4         2     107.22    <.0001
       3    Population_in_thousands       1         3      34.45    <.0001
       4    Gender                        1         4       4.00    0.0457
 
 
The selected model is the model trained in the last step (Step 4). It consists of the following effects:
 
Intercept  Age_group  Disease  Gender  Population_in_thousands
 
 
                             Analysis of Variance
 
                                   Sum of
Source                 DF         Squares     Mean Square    F Value    Pr > F
 
Model                  11         2836606          257873     102.73    <.0001
Error                 853         2141153     2510.144507
Corrected Total       864         4977759
 
 
              Model Fit Statistics
 
R-Square        0.5699     Adj R-Sq        0.5643
AIC          6783.2187     BIC          6785.5559
SBC          6840.3714     C(p)           12.0000
 
 
                    Type 3 Analysis of Effects
 
                                       Sum of
Effect                       DF       Squares    F Value    Pr > F
 
Age_group                     5    1666590.82     132.79    <.0001
Disease                       4    1115656.31     111.11    <.0001
Gender                        1    10052.5453       4.00    0.0457
Population_in_thousands       1    73582.2640      29.31    <.0001
 
 
                                  Analysis of Maximum Likelihood Estimates
 
                                                                              Standard
Parameter                                                   DF    Estimate       Error    t Value    Pr > |t|
 
Intercept                                                    1    -29.8685     14.7466      -2.03      0.0431
Age_group               0-17                                 1    -69.3397      9.4425      -7.34      <.0001
Age_group               18-24                                1    -11.7516      7.3370      -1.60      0.1096
Age_group               25-44                                1    -83.4534     11.6572      -7.16      <.0001
Age_group               45-64                                1     14.2942      6.1878       2.31      0.0211
Age_group               65-84                                1       102.6      6.3064      16.27      <.0001
Disease                 Asthma                               1    -10.1199      3.4678      -2.92      0.0036
Disease                 Cancer, all                          1     65.7797      3.4256      19.20      <.0001
Disease                 Dementia and Alzheimer's disease     1    -41.5190      3.3539     -12.38      <.0001
Disease                 Osteoarthritis                       1      2.2800      3.4218       0.67      0.5054
Gender                  Female                               1      3.4695      1.7337       2.00      0.0457
Population_in_thousands                                      1     0.00335    0.000619       5.41      <.0001
 
 
                                                                                                  Estimated Correlation Matrix
 
                                                                                                                                                  Disease             Disease
                                                         Age_            Age_            Age_            Age_            Age_       Disease      CANCER__       DEMENTIA_AND_             Disease        Gender       Population_
Parameter                            Intercept      group0N17      group18N24      group25N44      group45N64      group65N84        ASTHMA           ALL         ALZHEIMER_S      OSTEOARTHRITIS        FEMALE      in_thousands
 
Intercept                              1.00000        0.90389        -0.83411         0.94010         0.79001        -0.79245       0.06484      -0.01467            -0.03778             0.02071       0.18151          -0.99327
Age_group0N17                          0.90389        1.00000        -0.81420         0.83329         0.67207        -0.77696       0.04611      -0.00391            -0.02323             0.01359       0.17201          -0.90819
Age_group18N24                        -0.83411       -0.81420         1.00000        -0.83335        -0.73798         0.60407      -0.05985       0.02204             0.01958            -0.03804      -0.15749           0.84215
Age_group25N44                         0.94010        0.83329        -0.83335         1.00000         0.71962        -0.79237       0.05708      -0.02184            -0.03343             0.03560       0.17503          -0.94752
Age_group45N64                         0.79001        0.67207        -0.73798         0.71962         1.00000        -0.70606       0.07588      -0.02660            -0.02479             0.01361       0.13292          -0.79711
Age_group65N84                        -0.79245       -0.77696         0.60407        -0.79237        -0.70606         1.00000      -0.06905       0.01510             0.02076            -0.00733      -0.14730           0.79750
DiseaseASTHMA                          0.06484        0.04611        -0.05985         0.05708         0.07588        -0.06905       1.00000      -0.25842            -0.24912            -0.25374       0.02134          -0.06356
DiseaseCANCER__ALL                    -0.01467       -0.00391         0.02204        -0.02184        -0.02660         0.01510      -0.25842       1.00000            -0.24369            -0.25366      -0.01499           0.01568
DiseaseDEMENTIA_AND_ALZHEIMER_S       -0.03778       -0.02323         0.01958        -0.03343        -0.02479         0.02076      -0.24912      -0.24369             1.00000            -0.24351      -0.00172           0.03537
DiseaseOSTEOARTHRITIS                  0.02071        0.01359        -0.03804         0.03560         0.01361        -0.00733      -0.25374      -0.25366            -0.24351             1.00000       0.01144          -0.02086
GenderFEMALE                           0.18151        0.17201        -0.15749         0.17503         0.13292        -0.14730       0.02134      -0.01499            -0.00172             0.01144       1.00000          -0.18309
Population_in_thousands               -0.99327       -0.90819         0.84215        -0.94752        -0.79711         0.79750      -0.06356       0.01568             0.03537            -0.02086      -0.18309           1.00000


*------------------------------------------------------------*
* Score Output
*------------------------------------------------------------*


*------------------------------------------------------------*
* Report Output
*------------------------------------------------------------*
 
 
 
 
Fit Statistics
 
Target=Cases_in_1000s Target Label=' '
 
   Fit
Statistics    Statistics Label                       Train    Validation
 
 _AIC_        Akaike's Information Criterion       6783.22           .
 _ASE_        Average Squared Error                2475.32       2709.82
 _AVERR_      Average Error Function               2475.32       2709.82
 _DFE_        Degrees of Freedom for Error          853.00           .
 _DFM_        Model Degrees of Freedom               12.00           .
 _DFT_        Total Degrees of Freedom              865.00           .
 _DIV_        Divisor for ASE                       865.00        367.00
 _ERR_        Error Function                    2141153.26     994502.80
 _FPE_        Final Prediction Error               2544.97           .
 _MAX_        Maximum Absolute Error                240.96        233.27
 _MSE_        Mean Square Error                    2510.14       2709.82
 _NOBS_       Sum of Frequencies                    865.00        367.00
 _NW_         Number of Estimate Weights             12.00           .
 _RASE_       Root Average Sum of Squares            49.75         52.06
 _RFPE_       Root Final Prediction Error            50.45           .
 _RMSE_       Root Mean Squared Error                50.10         52.06
 _SBC_        Schwarz's Bayesian Criterion         6840.37           .
 _SSE_        Sum of Squared Errors             2141153.26     994502.80
 _SUMW_       Sum of Case Weights Times Freq        865.00        367.00
 
 
 
 
Assessment Score Rankings
 
Data Role=TRAIN Target Variable=Cases_in_1000s Target Label=' '
 
           Number of       Mean        Mean
Depth    Observations     Target    Predicted
 
   5          34         288.912      189.627
  10          44         219.432      144.274
  15          44         109.159      120.895
  20          43          74.163      105.239
  25          44          51.545       96.824
  30          44          49.750       92.623
  35          44          37.886       84.548
  40          43          25.233       74.285
  45          44          19.023       62.190
  50          44           9.000       36.241
  55          44           9.409       27.205
  60          43          40.070       20.795
  65          44          31.386       15.897
  70          44          31.182       12.711
  75          44          17.068        8.801
  80          43          17.814        3.795
  85          44           9.386       -4.226
  90          44           5.977      -11.230
  95          44           2.750      -18.707
 100          43           1.465      -33.471
 
 
Data Role=VALIDATE Target Variable=Cases_in_1000s Target Label=' '
 
           Number of        Mean       Mean
Depth    Observations     Target    Predicted
 
   5          11         289.273      195.762
  10          19         254.368      151.525
  15          19         123.105      119.351
  20          18          72.444      104.784
  25          19          43.632       96.960
  30          19          40.474       91.731
  35          19          36.421       85.678
  40          18          21.611       73.238
  45          19          23.526       64.385
  50          19          16.000       40.957
  55          19           7.947       27.834
  60          18          32.111       22.111
  65          19          33.947       19.409
  70          19          24.421       14.195
  75          19          11.947        8.036
  80          18          21.667        3.186
  85          19          10.842       -6.978
  90          19           4.053      -11.415
  95          19           0.842      -17.655
 100          18           1.611      -31.842
 
 
 
 
Assessment Score Distribution
 
Data Role=TRAIN Target Variable=Cases_in_1000s Target Label=' '
 
    Range for            Mean       Mean        Number of        Model
    Predicted          Target    Predicted    Observations       Score
 
193.101 -  205.588    306.714      200.614          14         199.344
180.613 -  193.101    269.000      185.006          11         186.857
168.126 -  180.613    285.267      175.937          15         174.369
155.638 -  168.126    211.500      161.100           4         161.882
143.151 -  155.638    227.000      148.220           5         149.395
130.664 -  143.151    211.417      136.709          24         136.907
118.176 -  130.664    117.000      124.093          34         124.420
105.689 -  118.176     99.636      112.987          33         111.932
93.201 -  105.689      55.370       97.547          92          99.445
80.714 -  93.201       40.533       87.045          60          86.958
68.226 -  80.714       24.431       73.946          58          74.470
55.739 -  68.226       23.038       62.587          26          61.983
43.252 -  55.739       12.692       49.726          13          49.495
30.764 -  43.252        8.759       34.028          54          37.008
18.277 -  30.764       29.269       22.201          78          24.520
5.789 -  18.277        24.627       11.804         134          12.033
-6.698 -  5.789        14.343        0.428          67          -0.454
-19.185 -  -6.698       5.225      -12.419          80         -12.942
-31.673 -  -19.185      4.842      -23.573          38         -25.429
-44.160 -  -31.673      0.000      -38.709          25         -37.917
 
 
Data Role=VALIDATE Target Variable=Cases_in_1000s Target Label=' '
 
    Range for            Mean       Mean        Number of        Model
    Predicted          Target    Predicted    Observations       Score
 
194.106 -  206.623    304.000      201.184          8          200.364
181.589 -  194.106    252.000      183.664          1          187.847
169.071 -  181.589    305.857      177.427          7          175.330
156.554 -  169.071    217.500      162.708          2          162.813
144.037 -  156.554    217.000      154.178          2          150.296
131.520 -  144.037    253.875      139.081          8          137.778
119.003 -  131.520    140.000      122.089         12          125.261
106.485 -  119.003    101.600      114.588         15          112.744
93.968 -  106.485      50.235       98.421         34          100.227
81.451 -  93.968       37.457       88.212         35           87.710
68.934 -  81.451       22.588       73.507         17           75.192
56.417 -  68.934       22.600       64.600         20           62.675
43.899 -  56.417       23.000       51.141          8           50.158
31.382 -  43.899       11.429       33.169         14           37.641
18.865 -  31.382       21.319       23.162         47           25.124
6.348 -  18.865        22.976       12.580         41           12.606
-6.170 -  6.348        19.500        1.935         28            0.089
-18.687 -  -6.170       4.952      -11.940         42          -12.428
-31.204 -  -18.687      3.000      -22.367         15          -24.945
-43.721 -  -31.204      0.000      -36.333         11          -37.463
