*------------------------------------------------------------*
User:                student
Date:                December 11, 2019
Time:                14:10:48
*------------------------------------------------------------*
* Training Output
*------------------------------------------------------------*
 
 
 
 
Variable Summary
 
          Measurement    Frequency
 Role        Level         Count
 
INPUT      INTERVAL          1
INPUT      NOMINAL           3
TARGET     INTERVAL          1
 
 
 
 
Predicted and decision variables
 
Type             Variable                  Label
 
TARGET       Cases_in_1000s
PREDICTED    P_Cases_in_1000s    Predicted: Cases_in_1000s
RESIDUAL     R_Cases_in_1000s    Residual: Cases_in_1000s
 
 
 
 
 
The DMREG Procedure
 
               Model Information
 
Training Data Set             WORK.EM_DMREG.VIEW
DMDB Catalog                  WORK.REG_DMDB
Target Variable               Cases_in_1000s
Target Measurement Level      Interval
Error                         Normal
Link Function                 Identity
Number of Model Parameters    11
Number of Observations        715
 
 
      Frequency Distribution of Input Class Variables
 
Class         Value                                   Total
 
Age_group     0-17                                      135
              18-24                                     137
              25-44                                     148
              65-84                                     143
              85+                                       152
 
Disease       Asthma                                    146
              Cancer, all                               138
              Dementia and Alzheimer's disease          144
              Osteoarthritis                            146
              Septicemia                                141
 
Gender        Female                                    360
              Male                                      355
 
 
                      Descriptive Statistics for Continuous Variables
 
                                                 Standard
Variable                            Mean        Deviation          Minimum          Maximum
 
Population_in_thousands            21808            15184       852.000000            42536
 
 
 
 
Stepwise Selection Procedure
 
 
Step 0: Intercept entered.
 
 
                             Analysis of Variance
 
                                   Sum of
Source                 DF         Squares     Mean Square    F Value    Pr > F
 
Model                   0               0               .        .       .
Error                 714         3364870     4712.702799
Corrected Total       714         3364870
 
 
              Model Fit Statistics
 
R-Square        0.0000     Adj R-Sq        0.0000
AIC          6048.4814     BIC          6048.8035
SBC          6053.0536     C(p)          853.2977
 
 
 
 
                                  Analysis of Maximum Likelihood Estimates
 
                                                                              Standard
Parameter                                                   DF    Estimate       Error    t Value    Pr > |t|
 
Intercept                                                    1     40.5986      2.5673      15.81      <.0001
 
 
Estimated Correlation Matrix
 
Parameter      Intercept
 
Intercept        1.00000
 
 
Step 1: Effect Age_group entered.
 
 
                             Analysis of Variance
 
                                   Sum of
Source                 DF         Squares     Mean Square    F Value    Pr > F
 
Model                   4         1429159          357290     131.05    <.0001
Error                 710         1935711     2726.353886
Corrected Total       714         3364870
 
 
              Model Fit Statistics
 
R-Square        0.4247     Adj R-Sq        0.4215
AIC          5661.1475     BIC          5660.9975
SBC          5684.0090     C(p)          196.0453
 
 
                    Type 3 Analysis of Effects
 
                                       Sum of
Effect                       DF       Squares    F Value    Pr > F
 
Age_group                     4    1429158.54     131.05    <.0001
 
 
                                  Analysis of Maximum Likelihood Estimates
 
                                                                              Standard
Parameter                                                   DF    Estimate       Error    t Value    Pr > |t|
 
Intercept                                                    1     40.3518      1.9547      20.64      <.0001
Age_group               0-17                                 1    -21.1295      3.9922      -5.29      <.0001
Age_group               18-24                                1    -37.3080      3.9700      -9.40      <.0001
Age_group               25-44                                1    -12.6964      3.8566      -3.29      0.0010
Age_group               65-84                                1     88.1238      3.9064      22.56      <.0001
 
 
                                Estimated Correlation Matrix
 
                                        Age_            Age_            Age_            Age_
Parameter           Intercept      group0N17      group18N24      group25N44      group65N84
 
Intercept             1.00000        0.02797         0.02053        -0.01811        -0.00100
Age_group0N17         0.02797        1.00000        -0.26489        -0.25347        -0.25850
Age_group18N24        0.02053       -0.26489         1.00000        -0.25104        -0.25614
Age_group25N44       -0.01811       -0.25347        -0.25104         1.00000        -0.24404
Age_group65N84       -0.00100       -0.25850        -0.25614        -0.24404         1.00000
 
 
Step 2: Effect Disease entered.
 
 
                             Analysis of Variance
 
                                   Sum of
Source                 DF         Squares     Mean Square    F Value    Pr > F
 
Model                   8         1818042          227255     103.72    <.0001
Error                 706         1546827     2190.973708
Corrected Total       714         3364870
 
 
              Model Fit Statistics
 
R-Square        0.5403     Adj R-Sq        0.5351
AIC          5508.7953     BIC          5510.6696
SBC          5549.9459     C(p)           23.0256
 
 
                    Type 3 Analysis of Effects
 
                                       Sum of
Effect                       DF       Squares    F Value    Pr > F
 
Age_group                     4    1438685.07     164.16    <.0001
Disease                       4    388883.822      44.37    <.0001
 
 
                                  Analysis of Maximum Likelihood Estimates
 
                                                                              Standard
Parameter                                                   DF    Estimate       Error    t Value    Pr > |t|
 
Intercept                                                    1     40.7103      1.7527      23.23      <.0001
Age_group               0-17                                 1    -20.8486      3.5836      -5.82      <.0001
Age_group               18-24                                1    -36.6107      3.5608     -10.28      <.0001
Age_group               25-44                                1    -14.3910      3.4606      -4.16      <.0001
Age_group               65-84                                1     88.6873      3.5044      25.31      <.0001
Disease                 Asthma                               1     -6.1147      3.4779      -1.76      0.0792
Disease                 Cancer, all                          1     42.6197      3.5507      12.00      <.0001
Disease                 Dementia and Alzheimer's disease     1    -29.4131      3.4946      -8.42      <.0001
Disease                 Osteoarthritis                       1      0.7738      3.4806       0.22      0.8241
 
 
                                                                          Estimated Correlation Matrix
 
                                                                                                                                  Disease             Disease
                                                         Age_            Age_            Age_            Age_       Disease      CANCER__       DEMENTIA_AND_             Disease
Parameter                            Intercept      group0N17      group18N24      group25N44      group65N84        ASTHMA           ALL         ALZHEIMER_S      OSTEOARTHRITIS
 
Intercept                              1.00000        0.02816         0.02045        -0.01863        -0.00049      -0.00896       0.01847            -0.00442            -0.01202
Age_group0N17                          0.02816        1.00000        -0.26543        -0.25417        -0.25651       0.04005       0.00937            -0.00703            -0.03909
Age_group18N24                         0.02045       -0.26543         1.00000        -0.25094        -0.25667      -0.00990       0.00363            -0.02117             0.02711
Age_group25N44                        -0.01863       -0.25417        -0.25094         1.00000        -0.24441      -0.01563      -0.03026             0.03301             0.01132
Age_group65N84                        -0.00049       -0.25651        -0.25667        -0.24441         1.00000       0.00941       0.02261             0.00708            -0.03235
DiseaseASTHMA                         -0.00896        0.04005        -0.00990        -0.01563         0.00941       1.00000      -0.25098            -0.24526            -0.24516
DiseaseCANCER__ALL                     0.01847        0.00937         0.00363        -0.03026         0.02261      -0.25098       1.00000            -0.25481            -0.25296
DiseaseDEMENTIA_AND_ALZHEIMER_S       -0.00442       -0.00703        -0.02117         0.03301         0.00708      -0.24526      -0.25481             1.00000            -0.24532
DiseaseOSTEOARTHRITIS                 -0.01202       -0.03909         0.02711         0.01132        -0.03235      -0.24516      -0.25296            -0.24532             1.00000
 
 
Step 3: Effect Population_in_thousands entered.
 
 
                             Analysis of Variance
 
                                   Sum of
Source                 DF         Squares     Mean Square    F Value    Pr > F
 
Model                   9         1845776          205086      95.18    <.0001
Error                 705         1519094     2154.742787
Corrected Total       714         3364870
 
 
              Model Fit Statistics
 
R-Square        0.5485     Adj R-Sq        0.5428
AIC          5497.8595     BIC          5500.0822
SBC          5543.5823     C(p)           12.1159
 
 
                    Type 3 Analysis of Effects
 
                                       Sum of
Effect                       DF       Squares    F Value    Pr > F
 
Age_group                     4    1439357.10     167.00    <.0001
Disease                       4    395282.002      45.86    <.0001
Population_in_thousands       1    27733.7726      12.87    0.0004
 
 
                                  Analysis of Maximum Likelihood Estimates
 
                                                                              Standard
Parameter                                                   DF    Estimate       Error    t Value    Pr > |t|
 
Intercept                                                    1    -51.0366     25.6322      -1.99      0.0469
Age_group               0-17                                 1    -84.3760     18.0605      -4.67      <.0001
Age_group               18-24                                1     -1.8548     10.3112      -0.18      0.8573
Age_group               25-44                                1    -95.3770     22.8331      -4.18      <.0001
Age_group               65-84                                1       115.4      8.2268      14.03      <.0001
Disease                 Asthma                               1     -6.2994      3.4494      -1.83      0.0682
Disease                 Cancer, all                          1     42.9138      3.5222      12.18      <.0001
Disease                 Dementia and Alzheimer's disease     1    -29.7470      3.4668      -8.58      <.0001
Disease                 Osteoarthritis                       1      1.0469      3.4525       0.30      0.7618
Population_in_thousands                                      1     0.00417     0.00116       3.59      0.0004
 
 
                                                                                   Estimated Correlation Matrix
 
                                                                                                                                  Disease             Disease
                                                         Age_            Age_            Age_            Age_       Disease      CANCER__       DEMENTIA_AND_             Disease       Population_
Parameter                            Intercept      group0N17      group18N24      group25N44      group65N84        ASTHMA           ALL         ALZHEIMER_S      OSTEOARTHRITIS      in_thousands
 
Intercept                              1.00000        0.97857        -0.93689         0.98617        -0.90432       0.01428      -0.02197             0.02648            -0.02281          -0.99770
Age_group0N17                          0.97857        1.00000        -0.93905         0.96179        -0.91000       0.02251      -0.02098             0.02493            -0.02930          -0.98045
Age_group18N24                        -0.93689       -0.93905         1.00000        -0.94178         0.81445      -0.01741       0.02311            -0.03247             0.02999           0.93953
Age_group25N44                         0.98617        0.96179        -0.94178         1.00000        -0.91162       0.01240      -0.02756             0.03149            -0.02009          -0.98864
Age_group65N84                        -0.90432       -0.91000         0.81445        -0.91162         1.00000      -0.00955       0.03064            -0.02134             0.00632           0.90639
DiseaseASTHMA                          0.01428        0.02251        -0.01741         0.01240        -0.00955       1.00000      -0.25123            -0.24475            -0.24540          -0.01492
DiseaseCANCER__ALL                    -0.02197       -0.02098         0.02311        -0.02756         0.03064      -0.25123       1.00000            -0.25527            -0.25232           0.02327
DiseaseDEMENTIA_AND_ALZHEIMER_S        0.02648        0.02493        -0.03247         0.03149        -0.02134      -0.24475      -0.25527             1.00000            -0.24577          -0.02684
DiseaseOSTEOARTHRITIS                 -0.02281       -0.02930         0.02999        -0.02009         0.00632      -0.24540      -0.25232            -0.24577             1.00000           0.02204
Population_in_thousands               -0.99770       -0.98045         0.93953        -0.98864         0.90639      -0.01492       0.02327            -0.02684             0.02204           1.00000
 
 
NOTE: No (additional) effects met the 0.05 significance level for entry into the model.
 
 
                       Summary of Stepwise Selection
 
                    Effect                     Number
    Step    Entered                      DF        In    F Value    Pr > F
 
       1    Age_group                     4         1     131.05    <.0001
       2    Disease                       4         2      44.37    <.0001
       3    Population_in_thousands       1         3      12.87    0.0004
 
 
The selected model is the model trained in the last step (Step 3). It consists of the following effects:
 
Intercept  Age_group  Disease  Population_in_thousands
 
 
                             Analysis of Variance
 
                                   Sum of
Source                 DF         Squares     Mean Square    F Value    Pr > F
 
Model                   9         1845776          205086      95.18    <.0001
Error                 705         1519094     2154.742787
Corrected Total       714         3364870
 
 
              Model Fit Statistics
 
R-Square        0.5485     Adj R-Sq        0.5428
AIC          5497.8595     BIC          5500.0822
SBC          5543.5823     C(p)           12.1159
 
 
                    Type 3 Analysis of Effects
 
                                       Sum of
Effect                       DF       Squares    F Value    Pr > F
 
Age_group                     4    1439357.10     167.00    <.0001
Disease                       4    395282.002      45.86    <.0001
Population_in_thousands       1    27733.7726      12.87    0.0004
 
 
                                  Analysis of Maximum Likelihood Estimates
 
                                                                              Standard
Parameter                                                   DF    Estimate       Error    t Value    Pr > |t|
 
Intercept                                                    1    -51.0366     25.6322      -1.99      0.0469
Age_group               0-17                                 1    -84.3760     18.0605      -4.67      <.0001
Age_group               18-24                                1     -1.8548     10.3112      -0.18      0.8573
Age_group               25-44                                1    -95.3770     22.8331      -4.18      <.0001
Age_group               65-84                                1       115.4      8.2268      14.03      <.0001
Disease                 Asthma                               1     -6.2994      3.4494      -1.83      0.0682
Disease                 Cancer, all                          1     42.9138      3.5222      12.18      <.0001
Disease                 Dementia and Alzheimer's disease     1    -29.7470      3.4668      -8.58      <.0001
Disease                 Osteoarthritis                       1      1.0469      3.4525       0.30      0.7618
Population_in_thousands                                      1     0.00417     0.00116       3.59      0.0004
 
 
                                                                                   Estimated Correlation Matrix
 
                                                                                                                                  Disease             Disease
                                                         Age_            Age_            Age_            Age_       Disease      CANCER__       DEMENTIA_AND_             Disease       Population_
Parameter                            Intercept      group0N17      group18N24      group25N44      group65N84        ASTHMA           ALL         ALZHEIMER_S      OSTEOARTHRITIS      in_thousands
 
Intercept                              1.00000        0.97857        -0.93689         0.98617        -0.90432       0.01428      -0.02197             0.02648            -0.02281          -0.99770
Age_group0N17                          0.97857        1.00000        -0.93905         0.96179        -0.91000       0.02251      -0.02098             0.02493            -0.02930          -0.98045
Age_group18N24                        -0.93689       -0.93905         1.00000        -0.94178         0.81445      -0.01741       0.02311            -0.03247             0.02999           0.93953
Age_group25N44                         0.98617        0.96179        -0.94178         1.00000        -0.91162       0.01240      -0.02756             0.03149            -0.02009          -0.98864
Age_group65N84                        -0.90432       -0.91000         0.81445        -0.91162         1.00000      -0.00955       0.03064            -0.02134             0.00632           0.90639
DiseaseASTHMA                          0.01428        0.02251        -0.01741         0.01240        -0.00955       1.00000      -0.25123            -0.24475            -0.24540          -0.01492
DiseaseCANCER__ALL                    -0.02197       -0.02098         0.02311        -0.02756         0.03064      -0.25123       1.00000            -0.25527            -0.25232           0.02327
DiseaseDEMENTIA_AND_ALZHEIMER_S        0.02648        0.02493        -0.03247         0.03149        -0.02134      -0.24475      -0.25527             1.00000            -0.24577          -0.02684
DiseaseOSTEOARTHRITIS                 -0.02281       -0.02930         0.02999        -0.02009         0.00632      -0.24540      -0.25232            -0.24577             1.00000           0.02204
Population_in_thousands               -0.99770       -0.98045         0.93953        -0.98864         0.90639      -0.01492       0.02327            -0.02684             0.02204           1.00000


*------------------------------------------------------------*
* Score Output
*------------------------------------------------------------*


*------------------------------------------------------------*
* Report Output
*------------------------------------------------------------*
 
 
 
 
Fit Statistics
 
Target=Cases_in_1000s Target Label=' '
 
   Fit
Statistics    Statistics Label                       Train    Validation
 
 _AIC_        Akaike's Information Criterion       5497.86           .
 _ASE_        Average Squared Error                2124.61       3036.41
 _AVERR_      Average Error Function               2124.61       3036.41
 _DFE_        Degrees of Freedom for Error          705.00           .
 _DFM_        Model Degrees of Freedom               10.00           .
 _DFT_        Total Degrees of Freedom              715.00           .
 _DIV_        Divisor for ASE                       715.00        307.00
 _ERR_        Error Function                    1519093.67     932179.19
 _FPE_        Final Prediction Error               2184.88           .
 _MAX_        Maximum Absolute Error                251.15        259.01
 _MSE_        Mean Square Error                    2154.74       3036.41
 _NOBS_       Sum of Frequencies                    715.00        307.00
 _NW_         Number of Estimate Weights             10.00           .
 _RASE_       Root Average Sum of Squares            46.09         55.10
 _RFPE_       Root Final Prediction Error            46.74           .
 _RMSE_       Root Mean Squared Error                46.42         55.10
 _SBC_        Schwarz's Bayesian Criterion         5543.58           .
 _SSE_        Sum of Squared Errors             1519093.67     932179.19
 _SUMW_       Sum of Case Weights Times Freq        715.00        307.00
 
 
 
 
Assessment Score Rankings
 
Data Role=TRAIN Target Variable=Cases_in_1000s Target Label=' '
 
           Number of        Mean       Mean
Depth    Observations     Target    Predicted
 
   5          24         303.417      171.997
  10          36         158.556      136.311
  15          37          98.297      122.172
  20          36          41.361      108.754
  25          36          41.528       76.787
  30          37          43.243       67.370
  35          36          19.056       56.551
  40          37          10.432       34.958
  45          36          23.111       25.786
  50          36          25.417       22.528
  55          37          23.297       20.633
  60          36          25.833       18.625
  65          37          28.432       15.944
  70          36          16.389       12.827
  75          36          10.389        7.049
  80          37           9.324        1.079
  85          36          11.056       -2.261
  90          37           6.243       -5.524
  95          36           6.000       -9.874
 100          36           0.000      -25.175
 
 
Data Role=VALIDATE Target Variable=Cases_in_1000s Target Label=' '
 
           Number of        Mean       Mean
Depth    Observations     Target    Predicted
 
   5          11         304.364      179.354
  10          16         225.188      144.855
  15          15          77.333      124.779
  20          16          41.625      109.967
  25          15          24.867       82.987
  30          16          53.750       69.551
  35          16          20.500       59.087
  40          15           7.733       40.577
  45          16          14.063       28.177
  50          15          44.533       24.080
  55          16          26.375       20.728
  60          16          19.500       18.687
  65          15          25.333       15.854
  70          16          22.625       12.087
  75          15          43.200        5.500
  80          16          10.250        1.094
  85          16           4.938       -2.588
  90          15           3.333       -5.158
  95          16           4.563       -8.986
 100          15           0.000      -23.057
 
 
 
 
Assessment Score Distribution
 
Data Role=TRAIN Target Variable=Cases_in_1000s Target Label=' '
 
    Range for            Mean       Mean        Number of        Model
    Predicted          Target    Predicted    Observations       Score
 
175.414 -  186.325    309.636      180.946          11         180.870
164.503 -  175.414    274.600      169.282           5         169.959
153.592 -  164.503    320.333      160.802           9         159.048
142.681 -  153.592    308.500      143.823           2         148.136
131.770 -  142.681    153.444      136.175          27         137.225
120.858 -  131.770    108.077      127.371          26         126.314
109.947 -  120.858     65.781      114.703          32         115.403
99.036 -  109.947      37.095      106.670          21         104.492
88.125 -  99.036       29.714       92.404           7          93.580
77.214 -  88.125       16.000       84.852           3          82.669
66.303 -  77.214       47.377       69.873          53          71.758
55.391 -  66.303       30.621       63.360          29          60.847
44.480 -  55.391        7.850       49.236          20          49.936
33.569 -  44.480        5.455       42.595          11          39.025
22.658 -  33.569       17.233       26.631          73          28.113
11.747 -  22.658       25.564       17.881         163          17.202
0.835 -  11.747         8.869        5.751          61           6.291
-10.076 -  0.835        9.103       -4.385         116          -4.620
-20.987 -  -10.076      1.000      -15.986          18         -15.531
-31.898 -  -20.987      0.000      -26.823          28         -26.442
 
 
Data Role=VALIDATE Target Variable=Cases_in_1000s Target Label=' '
 
    Range for            Mean       Mean        Number of        Model
    Predicted          Target    Predicted    Observations       Score
 
176.752 -  187.612    299.667      181.068          9          182.182
165.893 -  176.752    325.500      171.641          2          171.322
155.033 -  165.893    335.333      160.836          6          160.463
144.174 -  155.033    352.000      145.745          1          149.604
133.314 -  144.174    226.250      138.749          4          138.744
122.455 -  133.314     70.500      128.123         16          127.885
111.595 -  122.455     63.100      116.028         10          117.025
100.736 -  111.595     41.444      108.772          9          106.166
89.876 -  100.736      31.400       92.258          5           95.306
79.017 -  89.876       23.200       87.346          5           84.447
68.158 -  79.017       48.526       71.119         19           73.587
57.298 -  68.158       25.917       63.717         12           62.728
46.439 -  57.298       10.692       51.915         13           51.868
35.579 -  46.439        6.333       42.829          3           41.009
24.720 -  35.579       20.821       28.256         28           30.149
13.860 -  24.720       25.860       19.149         57           19.290
3.001 -  13.860        35.750        9.151         28            8.430
-7.859 -  3.001         5.792       -2.336         53           -2.429
-18.718 -  -7.859       3.688      -11.573         16          -13.288
-29.578 -  -18.718      0.000      -25.109         11          -24.148
