 
                                                                                                                                                                                                                                                                
 
 
Variable Summary

          Measurement    Frequency
 Role        Level         Count

INPUT      INTERVAL          1    
INPUT      NOMINAL           3    
TARGET     INTERVAL          1    
 
                                                                                                                                                                                                                                                                
 
 
Predicted and decision variables

Type             Variable                  Label

TARGET       Cases_in_1000s                               
PREDICTED    P_Cases_in_1000s    Predicted: Cases_in_1000s
RESIDUAL     R_Cases_in_1000s    Residual: Cases_in_1000s 
 
                                                                                                                                                                                                                                                                
 
 

The DMREG Procedure

               Model Information

Training Data Set             WORK.EM_DMREG.VIEW
DMDB Catalog                  WORK.REG_DMDB     
Target Variable               Cases_in_1000s    
Target Measurement Level      Interval          
Error                         Normal            
Link Function                 Identity          
Number of Model Parameters    11                
Number of Observations        715               


      Frequency Distribution of Input Class Variables
 
Class         Value                                   Total

Age_group     0-17                                      135
              18-24                                     137
              25-44                                     148
              65-84                                     143
              85+                                       152

Disease       Asthma                                    146
              Cancer, all                               138
              Dementia and Alzheimer's disease          144
              Osteoarthritis                            146
              Septicemia                                141

Gender        Female                                    360
              Male                                      355


                      Descriptive Statistics for Continuous Variables
 
                                                 Standard
Variable                            Mean        Deviation          Minimum          Maximum

Population_in_thousands            21808            15184       852.000000            42536




Stepwise Selection Procedure


Step 0: Intercept entered.


                             Analysis of Variance
 
                                   Sum of
Source                 DF         Squares     Mean Square    F Value    Pr > F

Model                   0               0               .        .       .    
Error                 714         3364870     4712.702799                     
Corrected Total       714         3364870                                     


              Model Fit Statistics

R-Square        0.0000     Adj R-Sq        0.0000
AIC          6048.4814     BIC          6048.8035
SBC          6053.0536     C(p)          853.2977




                                  Analysis of Maximum Likelihood Estimates
 
                                                                              Standard
Parameter                                                   DF    Estimate       Error    t Value    Pr > |t|

Intercept                                                    1     40.5986      2.5673      15.81      <.0001


Estimated Correlation Matrix
 
Parameter      Intercept

Intercept        1.00000


Step 1: Effect Age_group entered.


                             Analysis of Variance
 
                                   Sum of
Source                 DF         Squares     Mean Square    F Value    Pr > F

Model                   4         1429159          357290     131.05    <.0001
Error                 710         1935711     2726.353886                     
Corrected Total       714         3364870                                     


              Model Fit Statistics

R-Square        0.4247     Adj R-Sq        0.4215
AIC          5661.1475     BIC          5660.9975
SBC          5684.0090     C(p)          196.0453


                    Type 3 Analysis of Effects
 
                                       Sum of
Effect                       DF       Squares    F Value    Pr > F

Age_group                     4    1429158.54     131.05    <.0001


                                  Analysis of Maximum Likelihood Estimates
 
                                                                              Standard
Parameter                                                   DF    Estimate       Error    t Value    Pr > |t|

Intercept                                                    1     40.3518      1.9547      20.64      <.0001
Age_group               0-17                                 1    -21.1295      3.9922      -5.29      <.0001
Age_group               18-24                                1    -37.3080      3.9700      -9.40      <.0001
Age_group               25-44                                1    -12.6964      3.8566      -3.29      0.0010
Age_group               65-84                                1     88.1238      3.9064      22.56      <.0001


                                Estimated Correlation Matrix
 
                                        Age_            Age_            Age_            Age_
Parameter           Intercept      group0N17      group18N24      group25N44      group65N84

Intercept             1.00000        0.02797         0.02053        -0.01811        -0.00100
Age_group0N17         0.02797        1.00000        -0.26489        -0.25347        -0.25850
Age_group18N24        0.02053       -0.26489         1.00000        -0.25104        -0.25614
Age_group25N44       -0.01811       -0.25347        -0.25104         1.00000        -0.24404
Age_group65N84       -0.00100       -0.25850        -0.25614        -0.24404         1.00000


Step 2: Effect Disease entered.


                             Analysis of Variance
 
                                   Sum of
Source                 DF         Squares     Mean Square    F Value    Pr > F

Model                   8         1818042          227255     103.72    <.0001
Error                 706         1546827     2190.973708                     
Corrected Total       714         3364870                                     


              Model Fit Statistics

R-Square        0.5403     Adj R-Sq        0.5351
AIC          5508.7953     BIC          5510.6696
SBC          5549.9459     C(p)           23.0256


                    Type 3 Analysis of Effects
 
                                       Sum of
Effect                       DF       Squares    F Value    Pr > F

Age_group                     4    1438685.07     164.16    <.0001
Disease                       4    388883.822      44.37    <.0001


                                  Analysis of Maximum Likelihood Estimates
 
                                                                              Standard
Parameter                                                   DF    Estimate       Error    t Value    Pr > |t|

Intercept                                                    1     40.7103      1.7527      23.23      <.0001
Age_group               0-17                                 1    -20.8486      3.5836      -5.82      <.0001
Age_group               18-24                                1    -36.6107      3.5608     -10.28      <.0001
Age_group               25-44                                1    -14.3910      3.4606      -4.16      <.0001
Age_group               65-84                                1     88.6873      3.5044      25.31      <.0001
Disease                 Asthma                               1     -6.1147      3.4779      -1.76      0.0792
Disease                 Cancer, all                          1     42.6197      3.5507      12.00      <.0001
Disease                 Dementia and Alzheimer's disease     1    -29.4131      3.4946      -8.42      <.0001
Disease                 Osteoarthritis                       1      0.7738      3.4806       0.22      0.8241


                                                                          Estimated Correlation Matrix
 
                                                                                                                                  Disease             Disease
                                                         Age_            Age_            Age_            Age_       Disease      CANCER__       DEMENTIA_AND_             Disease
Parameter                            Intercept      group0N17      group18N24      group25N44      group65N84        ASTHMA           ALL         ALZHEIMER_S      OSTEOARTHRITIS

Intercept                              1.00000        0.02816         0.02045        -0.01863        -0.00049      -0.00896       0.01847            -0.00442            -0.01202
Age_group0N17                          0.02816        1.00000        -0.26543        -0.25417        -0.25651       0.04005       0.00937            -0.00703            -0.03909
Age_group18N24                         0.02045       -0.26543         1.00000        -0.25094        -0.25667      -0.00990       0.00363            -0.02117             0.02711
Age_group25N44                        -0.01863       -0.25417        -0.25094         1.00000        -0.24441      -0.01563      -0.03026             0.03301             0.01132
Age_group65N84                        -0.00049       -0.25651        -0.25667        -0.24441         1.00000       0.00941       0.02261             0.00708            -0.03235
DiseaseASTHMA                         -0.00896        0.04005        -0.00990        -0.01563         0.00941       1.00000      -0.25098            -0.24526            -0.24516
DiseaseCANCER__ALL                     0.01847        0.00937         0.00363        -0.03026         0.02261      -0.25098       1.00000            -0.25481            -0.25296
DiseaseDEMENTIA_AND_ALZHEIMER_S       -0.00442       -0.00703        -0.02117         0.03301         0.00708      -0.24526      -0.25481             1.00000            -0.24532
DiseaseOSTEOARTHRITIS                 -0.01202       -0.03909         0.02711         0.01132        -0.03235      -0.24516      -0.25296            -0.24532             1.00000


Step 3: Effect Population_in_thousands entered.


                             Analysis of Variance
 
                                   Sum of
Source                 DF         Squares     Mean Square    F Value    Pr > F

Model                   9         1845776          205086      95.18    <.0001
Error                 705         1519094     2154.742787                     
Corrected Total       714         3364870                                     


              Model Fit Statistics

R-Square        0.5485     Adj R-Sq        0.5428
AIC          5497.8595     BIC          5500.0822
SBC          5543.5823     C(p)           12.1159


                    Type 3 Analysis of Effects
 
                                       Sum of
Effect                       DF       Squares    F Value    Pr > F

Age_group                     4    1439357.10     167.00    <.0001
Disease                       4    395282.002      45.86    <.0001
Population_in_thousands       1    27733.7726      12.87    0.0004


                                  Analysis of Maximum Likelihood Estimates
 
                                                                              Standard
Parameter                                                   DF    Estimate       Error    t Value    Pr > |t|

Intercept                                                    1    -51.0366     25.6322      -1.99      0.0469
Age_group               0-17                                 1    -84.3760     18.0605      -4.67      <.0001
Age_group               18-24                                1     -1.8548     10.3112      -0.18      0.8573
Age_group               25-44                                1    -95.3770     22.8331      -4.18      <.0001
Age_group               65-84                                1       115.4      8.2268      14.03      <.0001
Disease                 Asthma                               1     -6.2994      3.4494      -1.83      0.0682
Disease                 Cancer, all                          1     42.9138      3.5222      12.18      <.0001
Disease                 Dementia and Alzheimer's disease     1    -29.7470      3.4668      -8.58      <.0001
Disease                 Osteoarthritis                       1      1.0469      3.4525       0.30      0.7618
Population_in_thousands                                      1     0.00417     0.00116       3.59      0.0004


                                                                                   Estimated Correlation Matrix
 
                                                                                                                                  Disease             Disease
                                                         Age_            Age_            Age_            Age_       Disease      CANCER__       DEMENTIA_AND_             Disease       Population_
Parameter                            Intercept      group0N17      group18N24      group25N44      group65N84        ASTHMA           ALL         ALZHEIMER_S      OSTEOARTHRITIS      in_thousands

Intercept                              1.00000        0.97857        -0.93689         0.98617        -0.90432       0.01428      -0.02197             0.02648            -0.02281          -0.99770
Age_group0N17                          0.97857        1.00000        -0.93905         0.96179        -0.91000       0.02251      -0.02098             0.02493            -0.02930          -0.98045
Age_group18N24                        -0.93689       -0.93905         1.00000        -0.94178         0.81445      -0.01741       0.02311            -0.03247             0.02999           0.93953
Age_group25N44                         0.98617        0.96179        -0.94178         1.00000        -0.91162       0.01240      -0.02756             0.03149            -0.02009          -0.98864
Age_group65N84                        -0.90432       -0.91000         0.81445        -0.91162         1.00000      -0.00955       0.03064            -0.02134             0.00632           0.90639
DiseaseASTHMA                          0.01428        0.02251        -0.01741         0.01240        -0.00955       1.00000      -0.25123            -0.24475            -0.24540          -0.01492
DiseaseCANCER__ALL                    -0.02197       -0.02098         0.02311        -0.02756         0.03064      -0.25123       1.00000            -0.25527            -0.25232           0.02327
DiseaseDEMENTIA_AND_ALZHEIMER_S        0.02648        0.02493        -0.03247         0.03149        -0.02134      -0.24475      -0.25527             1.00000            -0.24577          -0.02684
DiseaseOSTEOARTHRITIS                 -0.02281       -0.02930         0.02999        -0.02009         0.00632      -0.24540      -0.25232            -0.24577             1.00000           0.02204
Population_in_thousands               -0.99770       -0.98045         0.93953        -0.98864         0.90639      -0.01492       0.02327            -0.02684             0.02204           1.00000


NOTE: No (additional) effects met the 0.05 significance level for entry into the model.


                       Summary of Stepwise Selection
 
                    Effect                     Number
    Step    Entered                      DF        In    F Value    Pr > F

       1    Age_group                     4         1     131.05    <.0001
       2    Disease                       4         2      44.37    <.0001
       3    Population_in_thousands       1         3      12.87    0.0004


The selected model is the model trained in the last step (Step 3). It consists of the following effects:

Intercept  Age_group  Disease  Population_in_thousands  


                             Analysis of Variance
 
                                   Sum of
Source                 DF         Squares     Mean Square    F Value    Pr > F

Model                   9         1845776          205086      95.18    <.0001
Error                 705         1519094     2154.742787                     
Corrected Total       714         3364870                                     


              Model Fit Statistics

R-Square        0.5485     Adj R-Sq        0.5428
AIC          5497.8595     BIC          5500.0822
SBC          5543.5823     C(p)           12.1159


                    Type 3 Analysis of Effects
 
                                       Sum of
Effect                       DF       Squares    F Value    Pr > F

Age_group                     4    1439357.10     167.00    <.0001
Disease                       4    395282.002      45.86    <.0001
Population_in_thousands       1    27733.7726      12.87    0.0004


                                  Analysis of Maximum Likelihood Estimates
 
                                                                              Standard
Parameter                                                   DF    Estimate       Error    t Value    Pr > |t|

Intercept                                                    1    -51.0366     25.6322      -1.99      0.0469
Age_group               0-17                                 1    -84.3760     18.0605      -4.67      <.0001
Age_group               18-24                                1     -1.8548     10.3112      -0.18      0.8573
Age_group               25-44                                1    -95.3770     22.8331      -4.18      <.0001
Age_group               65-84                                1       115.4      8.2268      14.03      <.0001
Disease                 Asthma                               1     -6.2994      3.4494      -1.83      0.0682
Disease                 Cancer, all                          1     42.9138      3.5222      12.18      <.0001
Disease                 Dementia and Alzheimer's disease     1    -29.7470      3.4668      -8.58      <.0001
Disease                 Osteoarthritis                       1      1.0469      3.4525       0.30      0.7618
Population_in_thousands                                      1     0.00417     0.00116       3.59      0.0004


                                                                                   Estimated Correlation Matrix
 
                                                                                                                                  Disease             Disease
                                                         Age_            Age_            Age_            Age_       Disease      CANCER__       DEMENTIA_AND_             Disease       Population_
Parameter                            Intercept      group0N17      group18N24      group25N44      group65N84        ASTHMA           ALL         ALZHEIMER_S      OSTEOARTHRITIS      in_thousands

Intercept                              1.00000        0.97857        -0.93689         0.98617        -0.90432       0.01428      -0.02197             0.02648            -0.02281          -0.99770
Age_group0N17                          0.97857        1.00000        -0.93905         0.96179        -0.91000       0.02251      -0.02098             0.02493            -0.02930          -0.98045
Age_group18N24                        -0.93689       -0.93905         1.00000        -0.94178         0.81445      -0.01741       0.02311            -0.03247             0.02999           0.93953
Age_group25N44                         0.98617        0.96179        -0.94178         1.00000        -0.91162       0.01240      -0.02756             0.03149            -0.02009          -0.98864
Age_group65N84                        -0.90432       -0.91000         0.81445        -0.91162         1.00000      -0.00955       0.03064            -0.02134             0.00632           0.90639
DiseaseASTHMA                          0.01428        0.02251        -0.01741         0.01240        -0.00955       1.00000      -0.25123            -0.24475            -0.24540          -0.01492
DiseaseCANCER__ALL                    -0.02197       -0.02098         0.02311        -0.02756         0.03064      -0.25123       1.00000            -0.25527            -0.25232           0.02327
DiseaseDEMENTIA_AND_ALZHEIMER_S        0.02648        0.02493        -0.03247         0.03149        -0.02134      -0.24475      -0.25527             1.00000            -0.24577          -0.02684
DiseaseOSTEOARTHRITIS                 -0.02281       -0.02930         0.02999        -0.02009         0.00632      -0.24540      -0.25232            -0.24577             1.00000           0.02204
Population_in_thousands               -0.99770       -0.98045         0.93953        -0.98864         0.90639      -0.01492       0.02327            -0.02684             0.02204           1.00000
